8
18 1 15 11 19 20 13 21 
16 1 14 1 1 11 1 24 
11 1 11 1 12 12 1 2 
11 17 17 17 1 1 1 1 
1 11 1 11 9 11 6 11 
1 8 1 22 1 1 1 5 
1 1 1 1 1 4 1 11 
0 11 11 11 17 11 11 3 
4 8 下面你将会捡到几种不同的武器，在合理的时机使用它们可以帮助你干掉强大的敌人
7 8 右边很危险！
6 7 里面有两个人，这个地图有一个小人和两个君子，君子只说真话，小人只说谎话
1 6 可是......一般来说，好东西的前面都有许许多多的障碍
3 6 照明工具可以照亮你周围事物，点击右边道具栏中"手电筒"和"灯泡"旁边的"使用"来使用相应的照明工具！
5 6 右边的人是君子
6 6 (8,7)很危险！
1 5 僧人可以大幅提升你的攻击力！僧人只此一个！
2 4 这瓶酒是毒酒还是好酒呢？路牌也不知道......但是手电筒和灯泡知道！
4 4 往里走你可以遇到商人！在那里你就可以提升一些特殊能力了！可惜你的钱不够多......
6 4 急救箱可以在关键时刻挽救你的生命！
8 4 遇到一扇门了，把它打开，接下去探险吧！
8 2 拥有钥匙你就可以开启一扇扇神秘的大门了，钥匙和门一般是非常稀少的
2 1 看到左上角的记录框了吗？所有路牌和人说的话都会记录在那里！你还可以任意在里面记录你需要的东西.
3 1 路牌说的都是真话！它们将为你指明方向.....
4 1 金币能让你在商店里购买有用的东西！
6 1 遇到岔路口了！听听路牌的话吧！往上走......
7 1 绳子可以用来帮助你越过挡路的陷阱，但是要小心踩到不必要的陷阱哦~