15
3  16 0  0  0  1  18 0  0  0  9  1  1  24 2
9  4  1  0  11 1  1  1  3  0  1  1  0  11 1
13 13 1  1  10 0  3  14 11 1  1  20 0  0  1
16 3  1  1  0  0  23 0  1  1  17 19 1  9  3
1  11 4  11 15 0  16 21 0  1  1  1  1  10 0
1  1  1  23 1  1  1  11 0  0  0  1  15 0  0
17 3  0  0  1  5  1  8  1  0  0  1  23 1  14
1  1  1  0  1  0  1  8  0  19 1  1  16 1  1
0  12 21 20 1  7  1  1  1  23 1  20 11 0  17
14 1  1  16 1  10 1  4  6  11 1  1  1  0  1
0  16 1  12 11 13 1  0  1  1  1  0  0  0  1
1  3  1  1  1  1  1  0  0  11 0  0  1  0  10
0  12 13 0  9  4  1  1  1  16 1  13 1  1  1
20 1  1  8  1  15 1  15 8  16 1  21 0  1  22
0  4  17 0  12 19 1  4  9  3  1  1  14 0  13
1 13 上面很危险
2 3 上面很危险
2 7 右边有好东西
2 11 上面左右相邻两格间属性相同或相近
2 13 我同意左边那个人
3 3 左边是小人
4 5 右边那个是小人
4 11 右边是一个3×4的区域，要小心谨慎
5 1 右边很安全
5 5 左右两人有一个是小人
5 14 下面要小心
6 5 不要去上面，会死的
8 10 下面有一些酒
9 13 有准备就去上面
10 4 有准备了请往下走
10 6 如果你没有找到钥匙，再回去找找
12 3 别进去
13 7 往上要谨慎
15 1 真的别进去